Time X (cm) Y(cm)
0.0 -0.39268966609229544 -0.36618677653229104
0.04 -0.3314305708793949 -0.3804256432045161
0.08 -0.2327577464364565 -0.39122906990811024
0.12 -0.1345432229948868 -0.3793433985224046
0.16 -0.019619867653011713 -0.3763305704195643
0.2 0.07888987087670968 -0.39439708899036474
0.24 0.19890685991668422 -0.3829522803734182
0.28 0.25827233678402806 -0.3056074479210089
0.32 0.32709464648714426 -0.241494889060617
0.36 0.4259867001121813 -0.1951159520887129
0.4 0.5252004305754873 -0.140489408637535
0.44 0.6303153296723941 -0.08485711710714194
0.48 0.7195802920677171 -0.126366692788215
0.52 0.7919345261938252 -0.19059821785993014
0.56 0.8380100731689558 -0.19558551527452384
0.6 0.8627677177457967 -0.22734923243169902
0.64 0.88236530815096 -0.3173973125674503
0.68 0.927129122152213 -0.4093039402433103
0.72 0.9793463443285401 -0.4503928059937121
0.76 0.9695032913154323 -0.5109428287072639
0.8 0.8866507871132469 -0.5035100595741031
0.84 0.8000468544533307 -0.44561239748919057
0.88 0.6904429445964025 -0.3682445299567625
0.92 0.5935696274376677 -0.3204430606379636
0.96 0.45221669969816813 -0.3198552979876441
1.0 0.35826152081910945 -0.31494047817024073
1.04 0.28685973210966265 -0.3481743060197544
1.08 0.23885747274761782 -0.41717546190109034
1.12 0.1869214769815737 -0.47726749987680317
1.16 0.11584735054481787 -0.5116949241459359
1.2 0.030135622298989306 -0.5496754765438852
1.24 -0.06759705432499685 -0.613495933159004
1.28 -0.11217421712051862 -0.6711285171097445
1.32 -0.15509466427531993 -0.6847479403383623
1.36 -0.18815858639460264 -0.680568026994514
1.4000000000000001 -0.24107520445434952 -0.6470263980839557
1.44 -0.2935585695699618 -0.633176933799324
1.48 -0.36654753760847125 -0.6316648612003564
1.52 -0.36659704685060757 -0.6197114089952442
1.56 -0.3254338937752408 -0.5911597719741046
1.6 -0.27625508410356675 -0.5586996227311956
1.6400000000000001 -0.20609130063736447 -0.5519366615394936
1.68 -0.13140249603364917 -0.5704557427446486
1.72 0.0026076161002962506 -0.578330412833348
1.76 0.1446668380216165 -0.6033839474939529
1.8 0.2446177389718317 -0.6808005364229521
1.84 0.3212223403583483 -0.7505499342477362
1.8800000000000001 0.37564629264093063 -0.7773275269855697
1.92 0.4013110819704967 -0.8151404602717915
1.96 0.4232430163478834 -0.8534099967750219
2.0 0.4380472813462677 -0.8365633316450161
2.04 0.41159593698397723 -0.7874731956577603
2.08 0.3525740423595405 -0.7769324744811754
2.12 0.32379609061393 -0.7801903629413804
2.16 0.2999084313592838 -0.7544894296999101
2.2 0.26088741919188263 -0.6872091590851539
2.24 0.18977534892650538 -0.6218148939492376
2.2800000000000002 0.10186744206791676 -0.5938522517216296
2.32 0.012083822939242705 -0.5742610513649693
2.36 -0.06396376957451644 -0.5649275693565274
2.4 -0.11537361037696137 -0.579149061690239
2.44 -0.1368772187943354 -0.6163972632669503
2.48 -0.1618734772149332 -0.6496473559758449
2.52 -0.18285961909613335 -0.6714121549969538
2.56 -0.17775257844786366 -0.717689146135353
2.6 -0.16960062451008381 -0.7778633002306059
2.64 -0.14279948796854347 -0.7577326271490514
2.68 -0.07507122652993425 -0.7046500494526902
2.72 -0.022521296022870896 -0.7050558588379274
2.7600000000000002 0.013130761018282366 -0.7084108062426144
2.8000000000000003 0.067144472377213 -0.6672941788978186
2.84 0.10518136781162679 -0.6266966354534282
2.88 0.13240725847752555 -0.6366015008587154
2.92 0.170655412323381 -0.665516080349686
2.96 0.20790535867477333 -0.636937857081241
3.0 0.24017066404678433 -0.6290035790548629
3.04 0.2136129898231074 -0.6523412918275688
3.08 0.16818686647407566 -0.7079149171483359
3.12 0.13663150356374987 -0.8050352805347385
3.16 0.062123184568411816 -0.8869946941632392
3.2 -0.035701467269867726 -0.9248285415424393
3.24 -0.10146776182631723 -0.9465164599699041
3.2800000000000002 -0.16467093538813035 -0.9742149916260268
3.3200000000000003 -0.237050151209275 -1.0028733133985448
3.36 -0.339992264336755 -1.0512842111130782
3.4 -0.4734583832123042 -1.0989762011990558
3.44 -0.5549131785116186 -1.157553459948789
3.48 -0.6345580378025943 -1.2674973746789842
3.52 -0.6589656740303904 -1.33112515847026
3.56 -0.6418553169313584 -1.400110942108283
3.6 -0.6124697217235577 -1.4679365142152745
3.64 -0.565895021851382 -1.5096190635789262
3.68 -0.5396127732414346 -1.5411328496245715
3.72 -0.48817465806927424 -1.590798164171545
3.7600000000000002 -0.41443315227561933 -1.6779608035934925
3.8000000000000003 -0.35932279913437004 -1.757201613898529
3.84 -0.36388681034754555 -1.7588111284251713
3.88 -0.40097071792746847 -1.765088522964459
3.92 -0.4135703542502763 -1.826588810091285
3.96 -0.4114906533059306 -1.8977599754086458
4.0 -0.4210580079114803 -1.9455825604868473
4.04 -0.4520985199765437 -2.0069440290407945
4.08 -0.49637330615928416 -2.0364977158709205
4.12 -0.552125978531349 -2.063156290678534
4.16 -0.6312728263375834 -2.0982103211939034
4.2 -0.6359592696312437 -2.127824125947255
4.24 -0.6559071097856557 -2.155837787888901
4.28 -0.6739548866226295 -2.181776431246785
4.32 -0.640262904462368 -2.1858756584830124
4.36 -0.5966307676193527 -2.180767515246071
4.4 -0.5439577176617428 -2.1898313004968717
4.44 -0.47449702803322613 -2.210267418935686
4.48 -0.38367817982226454 -2.2240433660230785
4.5200000000000005 -0.2656241597214234 -2.1701714780667816
4.5600000000000005 -0.17159641735021994 -2.118725118276374
4.6000000000000005 -0.06472203016523959 -2.0798538349489606
4.64 0.050075051857142505 -2.0348724446710316
4.68 0.12036732602808953 -1.9633505141858498
4.72 0.17320501227252727 -1.9229151200389805
4.76 0.20457209066460935 -1.9320435656486905
4.8 0.2623763926671352 -1.911332294084841
4.84 0.3166636100108141 -1.8851635140998513
4.88 0.3447614698260908 -1.8570790770627672
4.92 0.36798538095283506 -1.8363792489601558
4.96 0.4075138453523479 -1.7842264876840634
5.0 0.4261253039696582 -1.7489381608504833
5.04 0.4291115820840756 -1.7277844112286942
5.08 0.4918171241656638 -1.6640231073178955
5.12 0.5957805238032744 -1.6029001169270678
5.16 0.6329447008985575 -1.5849632766369506
5.2 0.6387615004080082 -1.5450449201405967
5.24 0.6722146241050647 -1.5105434453434101
5.28 0.7352371155469609 -1.518230226996743
5.32 0.7591503847884958 -1.5342929973909494
5.36 0.780717759224575 -1.5664640963275513
5.4 0.792668429097909 -1.5989464008146255
5.44 0.7445935803650395 -1.6351472248938197
5.48 0.6994739610071189 -1.6347620373740728
5.5200000000000005 0.7106261820934897 -1.5678693454321555
5.5600000000000005 0.7713215706391575 -1.4765333244078687
5.6000000000000005 0.8147265606531612 -1.423313978521035
5.64 0.8143546156340217 -1.4042150851614659
5.68 0.8138694733826805 -1.348840977828483
5.72 0.8012133282464499 -1.3171057292077417
5.76 0.8025044450174706 -1.3294143602744473
5.8 0.8350067589523867 -1.3574566635985559
5.84 0.8460171192621649 -1.3641069763141573
5.88 0.8182480771382156 -1.3643666657686955
5.92 0.7669590661947531 -1.372703157254936
5.96 0.7204299804074489 -1.3971640604109716
6.0 0.7013689214720739 -1.395766224478843
6.04 0.6562046058155425 -1.3726341828265933
6.08 0.5597315055990297 -1.3684453236015692
6.12 0.4418315792644111 -1.3954653823679022
6.16 0.3271953758829532 -1.4037775329508804
6.2 0.19747826265846757 -1.3623879749760184
6.24 0.05828072956085817 -1.351231093432794
6.28 -0.08484392307385458 -1.321887762651725
6.32 -0.15938742480311033 -1.2483079660195868
6.36 -0.2034612481874068 -1.1951148581357762
6.4 -0.296011549078022 -1.1433600518431246
6.44 -0.42266395335323237 -1.1077864826107808
6.48 -0.5386268742528055 -1.0721652767099845
6.5200000000000005 -0.6346004050504189 -1.058515479007075
6.5600000000000005 -0.7661345887801789 -1.0318499961984127
6.6000000000000005 -0.9081201469715021 -1.0047929169464787
6.640000000000001 -1.0797355865531633 -0.9568620748641676
6.68 -1.2734849421226389 -0.9192673904587603
6.72 -1.386227655881775 -0.9203515355655447
6.76 -1.4360750895676921 -0.919667678899337
6.8 -1.4721615176776313 -0.9138367427499154
6.84 -1.4873516831481846 -0.9235211282639282
6.88 -1.4839020151267523 -0.9159282048330952
6.92 -1.474799273478538 -0.8561908277725412
6.96 -1.4488217181832024 -0.7757874393858157
7.0 -1.4221375664834897 -0.6858564729488836
7.04 -1.3272794892372792 -0.5327258741846579
7.08 -1.194246951240682 -0.3816993992898363
7.12 -1.1055054630901244 -0.24840449165407108
7.16 -1.0469974406713223 -0.10705004387721928
7.2 -0.9826864290861727 0.028414479218997757
7.24 -0.9518477810388526 0.10145535877083511
7.28 -0.9401975489456524 0.13929738912078427
7.32 -0.9848580304331241 0.13099191493151063
7.36 -1.062987847618737 0.11547509568205827
7.4 -1.2188762717602062 0.12056257206102328
7.44 -1.4450575370395633 0.1605123293842292
7.48 -1.7188019114842246 0.25020564483729
7.5200000000000005 -1.9233548296071734 0.3404450254474931
7.5600000000000005 -2.0541878324766527 0.4208392859459613
7.6000000000000005 -2.0956735328176634 0.46650261316383146
7.640000000000001 -2.0627735316860782 0.5014648128054602
7.68 -1.977151550267731 0.45905279222649975
7.72 -1.8669011855512418 0.3686044348499786
7.76 -1.7974012200059324 0.288059784541298
7.8 -1.7688565535571947 0.1972617246240589
7.84 -1.7043657907939784 0.05073732601206604
7.88 -1.6358289628035045 -0.044473754756924944
7.92 -1.5596769772787362 -0.007287631364907288
7.96 -1.5340465203278755 0.07482503716196942
8.0 -1.5114464070590254 0.0843105784595557
8.040000000000001 -1.4413819928130347 0.06607504703620037
8.08 -1.3774075499206275 0.06216183049375479
8.120000000000001 -1.3128910267566374 0.030248192218474745
8.16 -1.2459949915045805 -0.024064059038234165
8.2 -1.1782999326035328 -0.044249695908236575
8.24 -1.126970485641543 -0.022396003438932555
8.28 -1.0623374457166508 -0.03481169480884461
8.32 -1.0091573644264367 -0.06305592561028717
8.36 -0.912717309128908 -0.046584560488963866
8.4 -0.8414830129209421 -0.023830898993418614
8.44 -0.8251724600083158 -0.034737758680543296
8.48 -0.8141137727009127 -0.1417298626207919
8.52 -0.8322319403632468 -0.26112546800908354
8.56 -0.8727782458795512 -0.33162597112310865
8.6 -0.892908959615459 -0.39535371907991657
8.64 -0.9040527211929653 -0.4894438955720133
8.68 -0.9026851651904897 -0.5536499671999804
8.72 -0.8976541858814051 -0.6342003976550743
8.76 -0.8958798448600542 -0.7191047881500234
8.8 -0.8824283210946083 -0.8110933513577334
8.84 -0.865305928434924 -0.9245833678221287
8.88 -0.822867612267943 -1.0381955704551358
8.92 -0.7290519162123749 -1.1596929527160211
8.96 -0.6153512078386951 -1.2949566068934881
9.0 -0.502895458713595 -1.4681820117651807
9.040000000000001 -0.41075597101418565 -1.620026272047849
9.08 -0.2994266864732673 -1.7687752480099836
9.120000000000001 -0.17356537780071227 -1.9118817347706323
9.16 -0.0486552256390988 -2.0454340140187313
9.200000000000001 0.09984429297204855 -2.1635964237235434
9.24 0.17976558531470077 -2.213279349977192
9.28 0.14184454936398416 -2.2132282467260485
9.32 0.05697362976516501 -2.172539026789676
9.36 -0.04503056619985124 -2.0787444430190574
9.4 -0.11389257195351116 -1.9521615049815801
9.44 -0.14292890911699557 -1.792698978886069
9.48 -0.153370464683331 -1.6266558484525853
9.52 -0.16192515812927746 -1.4589670904798935
9.56 -0.14485569174045698 -1.3287806257823458
9.6 -0.09249090211329197 -1.2081649172514533
9.64 -0.0033962449879506584 -1.0830116818983615
9.68 0.09253389837536002 -1.0285324105691604
9.72 0.2151040552006631 -1.0094870486549679
9.76 0.2928180389518579 -0.9921339035490864
9.8 0.36010394062610873 -0.9805809809451527
9.84 0.3923472589139354 -1.0128118364912748
9.88 0.424714716643502 -1.0442416751690786
9.92 0.414554347747344 -1.0132277346326084
9.96 0.3593291791332609 -0.966095628587486
10.0 0.3032124491560909 -0.9376196198835569
10.040000000000001 0.28177141050444954 -0.8968417224928269
10.08 0.26625514144185103 -0.8176924769154346
10.120000000000001 0.2534161262678205 -0.7664882320481035
10.16 0.18628891688016014 -0.7461217458152583
10.200000000000001 0.10001040828153962 -0.7042872247265424
10.24 0.04442889077882689 -0.6171910326875152
10.28 0.015410768014962939 -0.5763882935930791
10.32 0.016209393908723224 -0.5844401896195561
10.36 0.04332711149441704 -0.5743398903589194
10.4 0.05755248855946549 -0.5009855947051618
10.44 0.015004254486134683 -0.41847788757187576
10.48 -0.053380421814309464 -0.3999738611432715
10.52 -0.16900483241494899 -0.40065387961793464
10.56 -0.2512185309266758 -0.36145255403425414
10.6 -0.30937202339594294 -0.34850818137402717
10.64 -0.3416842835608336 -0.38759592571111723
10.68 -0.34189190884267207 -0.4344381158525812
10.72 -0.3407963889862795 -0.48744158509669755
10.76 -0.34189380359963345 -0.5551153209773323
10.8 -0.36132141551520575 -0.6320319846082969
10.84 -0.33553260668155294 -0.640321176916751
10.88 -0.29605927237617646 -0.6443963535582988
10.92 -0.28768015067218405 -0.6922575002151594
10.96 -0.26090228354571 -0.7197275750585546
11.0 -0.20592036275839384 -0.6923052594274275
11.040000000000001 -0.15030961167945206 -0.6481087773687355
11.08 -0.10911831945065287 -0.6439489772150269
11.120000000000001 -0.04980101260583869 -0.5990946739052101
11.16 -0.04181392358863517 -0.519463331431403
11.200000000000001 -0.09576025452313286 -0.4505104772297541
11.24 -0.17333039304696354 -0.4354754735443036
11.28 -0.21764018890456657 -0.4596396779425871
11.32 -0.2514238423482573 -0.472153252416063
11.36 -0.29829937068164014 -0.4805991384585504
11.4 -0.34179853223087897 -0.5354391112848991
11.44 -0.40920558084423125 -0.5678506854102665
11.48 -0.44676503049534166 -0.5641009879292198
11.52 -0.511508024761943 -0.5562326478468258
11.56 -0.5864294102835891 -0.5457914212881219
11.6 -0.5985017256388128 -0.5186162833834473
11.64 -0.6352942252560805 -0.5219388348866281
11.68 -0.6629650577073953 -0.534173302619527
11.72 -0.6811085817301107 -0.5690548575829559
11.76 -0.742858544078189 -0.6278716341754305
11.8 -0.7688747989636938 -0.6920392755551708
11.84 -0.7236993863372148 -0.777350804672823
11.88 -0.6774588656511134 -0.7914450674372133
11.92 -0.6040709396132669 -0.7361357963689941
11.96 -0.4944404478893598 -0.7228561822390824
12.0 -0.41004563810212424 -0.7575514247463444
12.040000000000001 -0.31711668996711584 -0.7713032751646061
12.08 -0.23638895721886874 -0.7729810120705414
12.120000000000001 -0.1701834050339262 -0.8367881329671991
12.16 -0.0642951016033847 -0.8912637289681553
12.200000000000001 0.052805173179063414 -0.8630251007573901
12.24 0.0967843023104048 -0.8128211882293332
12.280000000000001 0.08571163152593408 -0.8092070175353421
12.32 0.053612440135658634 -0.8353062188440192
12.36 0.00665705808049849 -0.8693310163703589
12.4 -0.09205711068208605 -0.8962601199661895
12.44 -0.22518493138876144 -0.9001730504861742
12.48 -0.32679348061070845 -0.8777311146368738
12.52 -0.3896112655881837 -0.8544374736159519
12.56 -0.4501113747075615 -0.8201516873532915
12.6 -0.521587013112208 -0.7555974986548166
12.64 -0.5334529175347801 -0.6824391920956023
12.68 -0.5256286896986552 -0.636210331543196
12.72 -0.5552735882399839 -0.598294000115337
12.76 -0.5604207172866029 -0.5263115925013986
12.8 -0.589700774688713 -0.4892261013879906
12.84 -0.5909767030015114 -0.5001822073698123
12.88 -0.5711546796703315 -0.49846261095914834
12.92 -0.5841017526850103 -0.48778156589897104
12.96 -0.5806298496805131 -0.43034227918729573
13.0 -0.5621761289377978 -0.368214940054709
13.040000000000001 -0.5577549174744644 -0.3308770802384762
13.08 -0.5186321755797829 -0.2819364116120364
13.120000000000001 -0.48139222781813473 -0.22546183087328653
13.16 -0.4451871005928222 -0.1707612370780176
13.200000000000001 -0.40300050221178496 -0.1306673406679606
13.24 -0.3628770924543147 -0.0678029757917431
13.280000000000001 -0.35320874185320705 -0.0017651123137831792
13.32 -0.3205991615252901 0.04782368116674207
13.36 -0.31243634096230627 0.14448200775022446
13.4 -0.29589608640833626 0.2697253914851112
13.44 -0.2568766733089275 0.3931842225276583
13.48 -0.2399933978264549 0.5079318311049184
13.52 -0.22244354535330477 0.6468004154051523
13.56 -0.20309582403968038 0.7713412154244391
13.6 -0.17491062727813278 0.8958521329676606
13.64 -0.09838542230440978 0.987195271238605
13.68 -0.021069767763379044 1.0717575295528454
13.72 0.021699564327532728 1.1466129264638112
13.76 0.044554235943081 1.1929007593516654
13.8 0.07084747513851203 1.2134580856403068
13.84 0.10747261598114544 1.2593729472836195
13.88 0.124431063179548 1.2857011359226707
13.92 0.1334667695385442 1.2569205793007503
13.96 0.14914216954886528 1.222896776851515
14.0 0.1605420278052997 1.2103217934785813
14.040000000000001 0.192867070627312 1.186789371017092
14.08 0.23309404133895517 1.1496889335259168
14.120000000000001 0.27993896927161654 1.2100827171859945
14.16 0.3439757382700349 1.3313920130323886
14.200000000000001 0.436358245945179 1.3970623554945414
14.24 0.49668627369294693 1.4276544749878681
14.280000000000001 0.5238418571327845 1.480839007886987
14.32 0.5301544429449772 1.556649038351176
14.36 0.5504637551912646 1.5539613562673031
14.4 0.5616441486308364 1.498450936499523
14.44 0.5576656657440786 1.4512834537594645
14.48 0.531781306508534 1.4212825162380451
14.52 0.511285659734462 1.396963398887147
14.56 0.5179825784604213 1.3685819057869535
14.6 0.539370935524832 1.3063094040254055
14.64 0.5082725901659763 1.2691286317944135
14.68 0.4769668734179079 1.2551443638781425
14.72 0.4930626840037218 1.2812267292680692
14.76 0.5262275993252651 1.333289468972657
14.8 0.5371203686051986 1.3962009636707995
14.84 0.5087319794712444 1.472061799868047
14.88 0.49526210636914925 1.5540784932542768
14.92 0.4863642578544751 1.6091206902232165
14.96 0.4227503766073303 1.6173134846129842
15.0 0.37522621808034184 1.5643593956224273
15.040000000000001 0.3340191607818278 1.4928824122894064
15.08 0.31943801687853124 1.4616715051120661
15.120000000000001 0.26566844551544144 1.4240112362672555
15.16 0.1972349622738191 1.3566745176491803
15.200000000000001 0.1639210668834825 1.2982511736404438
15.24 0.15213681322025718 1.2822427185337024
15.280000000000001 0.12335230390910179 1.2969089877238467
15.32 0.11740580873810103 1.3594376785339108
15.36 0.1609139497601838 1.4529366906173686
15.4 0.1987592250311233 1.5436638988628604
15.44 0.2014142274203663 1.5701643619564867
15.48 0.24769401211442565 1.5778331999541573
15.52 0.3575460019223937 1.6311749744944182
15.56 0.45250242018053477 1.6994707896195487
15.6 0.5385705149821844 1.7318075627669682
15.64 0.6321647670575533 1.7878207643887134
15.68 0.6690152173927267 1.8631117943061934
15.72 0.6762159163326374 1.9087588460724263
15.76 0.668329443585283 1.9186753960232559
15.8 0.6618032933791761 1.9356947897060632
15.84 0.6500609027251386 1.9729314779892506
15.88 0.6232682092613001 1.9757415825364977
15.92 0.5782418918921636 1.949455449002725
15.96 0.5584896897147885 1.9455430459601
16.0 0.5062454740428399 1.9389101680600527
16.04 0.4404250518560847 1.9099289304102198
16.080000000000002 0.40596345064049777 1.9058274828114627
16.12 0.3970006414583196 1.9275257640272248
16.16 0.37271740478553106 1.9201020595923832
16.2 0.3142399454801772 1.8938607587684813
16.240000000000002 0.2697503587664356 1.9047739374594954
16.28 0.23400025380412437 1.9453770523076597
16.32 0.18662256306488012 1.959999382783101
16.36 0.150003718828713 1.936822448174535
16.4 0.11834808639860994 1.9316408289370237
16.44 0.1109132007151753 1.9748889411889383
16.48 0.0834104881045909 2.033949090874086
16.52 0.046177801452104816 2.067153135595231
16.56 0.07583718250014898 2.0570176576596655
16.6 0.1254616985704512 2.0243382552689866
16.64 0.15556157653656344 1.9257805864669804
16.68 0.18492793387565787 1.8120205918843726
16.72 0.23202273820870634 1.7029584124515258
16.76 0.26458799769368546 1.675372390667719
16.8 0.30994203243352136 1.6631216840819691
16.84 0.3402279705361513 1.6056889769348368
16.88 0.387051181129775 1.5301603857278472
16.92 0.44151610789769535 1.5626197111094238
16.96 0.47985499992168223 1.5992402928558858
17.0 0.49536828580668757 1.57351491208902
17.04 0.5470500542812975 1.5322308523687533
17.080000000000002 0.5992680524553112 1.5311838881962925
17.12 0.6633514046538179 1.531787386100561
17.16 0.7606636605126157 1.4893175502768703
17.2 0.8240321761184645 1.4461569466879118
17.240000000000002 0.874840372114441 1.4466422859528851
17.28 0.9317595457588378 1.4053917323548384
17.32 0.9815757324552267 1.280253722214687
17.36 1.0432159239567387 1.1833224962713103
17.400000000000002 1.1173824400686372 1.119495282981667
17.44 1.1774943622264704 1.0482320935544367
17.48 1.1815420771669234 1.0041795551985635
17.52 1.1160564614999 1.0180043078438947
17.56 1.0656273089667452 1.022277520763276
17.6 1.061625547221885 1.002213407944377
17.64 1.0182955921601953 0.9838161413773633
17.68 1.0016152573564039 1.013815644402246
17.72 0.8895772398754501 1.0296435588336026
17.76 0.7407847390740577 1.0274053140882042
17.8 0.6309374447841815 1.0427986774309412
17.84 0.554285546181578 1.0801998211298007
17.88 0.5036318933431542 1.0821293119563986
17.92 0.4573136822015167 1.0112296647019308
17.96 0.4587982846467462 0.9618458742960362
18.0 0.43613073622489307 0.9573755402652259
18.04 0.4077595641777121 0.9607261191324277
18.080000000000002 0.41149815691405933 0.9434515601947506
18.12 0.4278360852107884 0.9408183586921219
18.16 0.4684020631892847 0.9510503423877107
18.2 0.4614022983856768 0.9878794261032672
18.240000000000002 0.427414787588988 1.068830191240966
18.28 0.4154742111139469 1.13988231125124
18.32 0.4087125856762561 1.191831341983416
18.36 0.3981160519956205 1.2212210154069352
18.400000000000002 0.3847614315317397 1.2348805590652312
18.44 0.3689210846735683 1.2227509754857848
18.48 0.3646472111823237 1.2295143975238094
18.52 0.38511695412674096 1.217659488246249
18.56 0.3587487656290863 1.20689918836033
18.6 0.37254096166887574 1.233524477623303
18.64 0.34675193214024724 1.262580130714662
18.68 0.2822113068336557 1.2399122592172156
18.72 0.2432624618744802 1.197178884949889
18.76 0.20206046128984712 1.1651958997636749
18.8 0.16578083356721507 1.1416065498415244
18.84 0.09086210879023437 1.090818933076398
18.88 -0.009300897105932682 1.0185221973879304
18.92 -0.06534802408975487 0.9962107152024691
18.96 -0.09994720483690472 0.9698683340260499
19.0 -0.1401122139001793 0.8926585905026869
19.04 -0.20169627848325442 0.8369221766841761
19.080000000000002 -0.28938656784242245 0.8399296538080855
19.12 -0.37018996027187506 0.8198150628881951
19.16 -0.39776744870779174 0.7616119517761928
19.2 -0.37867715103550437 0.7395526931517423
19.240000000000002 -0.2886499021850875 0.7368646645460092
19.28 -0.2041572848305019 0.7026387584424705
19.32 -0.11378219972067771 0.6392112784819189
19.36 -0.06088533628427223 0.6204112760259796
19.400000000000002 -0.05850473647737886 0.651417053723483
19.44 -0.018663693074505605 0.6551954869323563
19.48 0.05446261067303171 0.664793607047999
19.52 0.13293420048476556 0.68482252337639
19.56 0.17809804266607598 0.6815060527405638
19.6 0.18211467493671252 0.6388732597069966
19.64 0.20903490827055327 0.5860347824970203
19.68 0.249819658451229 0.4863063147405555
19.72 0.2955480425049746 0.3954986743305149
19.76 0.3576754058365298 0.3457856671805577
19.8 0.41056402262529523 0.3896133688187333
19.84 0.4364299804069719 0.47905193856476225
19.88 0.4514854716403047 0.5349985744163608
19.92 0.42909547512084834 0.5801945029218051
19.96 0.4015017592842157 0.6798913846114741
20.0 0.384869458781829 0.7614314816161281
20.04 0.3478804079894894 0.7759032841567844
20.080000000000002 0.3066843486591646 0.7507819902448041
20.12 0.2701228829967447 0.727280721775559
20.16 0.24879697558797753 0.7116157485496678
20.2 0.2228121639342131 0.6409306759832136
20.240000000000002 0.20399468125606612 0.5486436071149511
20.28 0.19426781160950146 0.4754345063972385
20.32 0.1783261812967578 0.43275582841667704
20.36 0.14587506313155485 0.39107399737306014
20.400000000000002 0.10213778464947798 0.32177440439957694
20.44 0.09067336396663789 0.26785503210739026
20.48 0.11573389485918384 0.22424628382011091
20.52 0.11615427028995795 0.19696526647667612
20.56 0.1614338528945125 0.2268455108217784
20.6 0.24249820054736793 0.29848827860224736
20.64 0.30039667062054054 0.3192032619063514
20.68 0.38397826540829094 0.2970699349060386
20.72 0.4708326192527249 0.3352480674592635
20.76 0.5468662337366038 0.38010582253905656
20.8 0.5621435079685574 0.3543344646216411
20.84 0.6105038229939855 0.2972605199193823
20.88 0.6535595887094455 0.25383732884918664
20.92 0.6548713066109476 0.22349887980661398
20.96 0.6201315170165774 0.1813672091709373
21.0 0.5680695789997029 0.15395017165349167
21.04 0.6046036391511419 0.18396856616724655
21.080000000000002 0.6772884909400102 0.22956022212228477
21.12 0.7041071528430821 0.20472485949003238
21.16 0.6732541815382157 0.1630726905411899
21.2 0.6458515415921441 0.16547736916030908
21.240000000000002 0.6244907940606476 0.16050337255666114
21.28 0.5669099826544935 0.1411852443349546
21.32 0.5436642277740951 0.11522255812479032
21.36 0.5543069492414233 0.10920050748908494
21.400000000000002 0.5369256678533955 0.12021718737709675
21.44 0.48139196004925955 0.11051594295069544
21.48 0.4193708068937556 0.1283463474090598
21.52 0.3890693455372053 0.2026636092092824
21.56 0.38581551023530114 0.2465325508478995
21.6 0.38412872659792374 0.22271291827332762
21.64 0.38904813895114576 0.24157577044076728
21.68 0.4315077898392379 0.3004245065227271
21.72 0.41282636419755103 0.30088079329194706
21.76 0.38948722074848074 0.273467322594229
21.8 0.4047810359038281 0.29866942779026284
21.84 0.4252462921005391 0.32203539695332073
21.88 0.44830805780461147 0.2708636240266873
21.92 0.4828227439661953 0.21719790647697468
21.96 0.4928389103680231 0.22097191848547215
22.0 0.4573807393191629 0.21097747478543516
22.04 0.4322343160515184 0.17232068078663776
22.080000000000002 0.444335063761925 0.1728362318194241
22.12 0.45952539822549565 0.2391635439471249
22.16 0.47268574387158946 0.3274160895317364
22.2 0.4772864639953873 0.3609633786490616
22.240000000000002 0.48389907414306954 0.40791382651326846
22.28 0.5080252121547307 0.46733971611095426
22.32 0.5405493562452721 0.4655096146020201
22.36 0.5513128855569482 0.42194233340761156
22.400000000000002 0.5390790391070739 0.4107562946970973
22.44 0.5830126745920593 0.4534485096168317
22.48 0.5836995573129451 0.47576873230354755
22.52 0.543125828861196 0.4670037656156063
22.56 0.48640427749781634 0.49553006175337844
22.6 0.41490329275100035 0.5594013746204058
22.64 0.36115334427411605 0.6200322532594869
22.68 0.3327735080615236 0.6741145875265034
22.72 0.30588492901970166 0.7460133598667563
22.76 0.29808889989757714 0.8232545340688293
22.8 0.3025828049574957 0.8563303438892257
22.84 0.2576705513709263 0.8867000903609455
22.88 0.24733168762177804 0.927024278756176
22.92 0.24517609755665004 0.9724509930967584
22.96 0.21574358138134053 0.9828491562206035
23.0 0.19437511018632414 0.9885721597643596
23.04 0.19679059443697167 1.0519906330454447
23.080000000000002 0.20433669139319055 1.1236794328548014
23.12 0.1714067373941105 1.121628384133534
23.16 0.14036954867607931 1.0752135232573952
23.2 0.18719794531258982 0.9845664371568074
23.240000000000002 0.23162379942831646 0.936753703051281
23.28 0.025424367976893347 1.0158038930433748
23.32 -0.03628076903043764 0.9860852383887235
23.36 -0.06463947061755898 0.9847918564736453
23.400000000000002 -0.05694974560913302 1.0213112071399983
23.44 -0.053716570552790555 1.0398399192591592
23.48 -0.03348195487168032 1.013833134734333
23.52 0.011537693466996846 1.0133339972275546
23.56 0.06407035875041373 1.034131361143939
23.6 0.13263769065535913 0.9883660971686087
23.64 0.19815042864037602 0.8822039228046401
23.68 0.24430412206738494 0.8069775112097747
23.72 0.2558477021595008 0.800035547972169
23.76 0.25043992213007127 0.8184340660163988
23.8 0.20211149943409124 0.8384693968109537
23.84 0.18491084978515493 0.8831177784094736
23.88 0.17272604196819286 0.9059944830240855
23.92 0.14637870115263718 0.8819093091885513
23.96 0.11800441839044251 0.8811906698394852
24.0 0.06235856657910477 0.9218579947531682
24.04 -0.005842456397491813 0.9414145997544254
24.080000000000002 -0.06981752249400525 0.90067168748514
24.12 -0.14650257569931818 0.8564597215366323
24.16 -0.22076696252986733 0.8727029818668751
24.2 -0.31909002184531277 0.8816647854659149
24.240000000000002 -0.4163993411668364 0.8416344977833443
24.28 -0.48367408240007864 0.8322101765143085
24.32 -0.5468377165196618 0.8583046726936854
24.36 -0.6125823980010343 0.8912177150520382
24.400000000000002 -0.611791532787365 0.8608753114147112
24.44 -0.6181265583083925 0.8224561180961819
24.48 -0.6415727025786359 0.8115166693527462
24.52 -0.6402307786488072 0.7782299056778755
24.560000000000002 -0.6057351654568861 0.7687153430449827
24.6 -0.59883603859444 0.7845801605795761
24.64 -0.6080680695443695 0.8251733089952408
24.68 -0.5968172192020578 0.8545245206195171
24.72 -0.5882063191625484 0.8896701989812137
24.76 -0.5897289286957559 0.9580548641399019
24.8 -0.6024500303473517 1.0174734427481522
24.84 -0.6172496636120828 1.0231282572837648
